array([[[530], 
[530], 
[531], 
[526], 
[530], 
[573.065]], 
[[535], 
[531], 
[535], 
[529], 
[531], 
[573.065]], 
[[533], 
[529], 
[533], 
[528], 
[529], 
[573.065]], 
[[522], 
[524], 
[527], 
[522], 
[524], 
[573.065]], 
[[523], 
[520], 
[524], 
[517], 
[520], 
[573.065]], 
 ... 
[[758], 
[762], 
[765], 
[755], 
[705.76666], 
[720.6627]], 
[[764], 
[758], 
[769], 
[752], 
[709.56665], 
[723.4284]], 
[[773], 
[784], 
[784], 
[772], 
[714.1], 
[727.9152]], 
[[788], 
[785], 
[789], 
[775], 
[718.86664], 
[732.14374]], 
[[783], 
[780], 
[788], 
[779], 
[723.93335], 
[735.6886]]])