array([[[530], 
[530], 
[531], 
[526], 
[530], 
[565.2354]], 
[[535], 
[531], 
[535], 
[529], 
[531], 
[565.2354]], 
[[533], 
[529], 
[533], 
[528], 
[529], 
[565.2354]], 
[[522], 
[524], 
[527], 
[522], 
[524], 
[565.2354]], 
[[523], 
[520], 
[524], 
[517], 
[520], 
[565.2354]], 
 ... 
[[714], 
[725], 
[725], 
[711], 
[648], 
[662.9413]], 
[[735], 
[730], 
[738], 
[728], 
[652.8], 
[667.9086]], 
[[718], 
[735], 
[738], 
[717], 
[657.8333], 
[672.87836]], 
[[755], 
[760], 
[769], 
[754], 
[663.63336], 
[679.3318]], 
[[795], 
[784], 
[796], 
[772], 
[670.43335], 
[687.085]]])